3879816
3754011
2275056
3775582
3775593
3879798
3754331
3775550
3749052
3754030
19717
3754140
3879703
3754319
3879645
3878601
3879747
19818
3754261
3749522
3879822
3879580
3879610
3754068
3754239
3754137
3869219
3879658
3857273
3775586
19758
19805
3775651
3879773
19763
3754029
3879594
7475
2275050
3879537
3754042
3893814
19734
3879646
3754110
3879795
3902239
7298
3893806
3754141
3754220
3879553
3893823
3754045
3754271
2275049
3857276
2275102
3775631
3754130
3879713
3878597
3754116
3857300
3754055
3754191
19814
3889182
3754072
19799
3775642
19802
3754254
19727
2275110
3754154
3754120
3879708
3879797
19787
3754031
3879601
3775545
19821
3764232
3754102
3754143
3879730
2275094
3754083
3879865
3754224
19739
3754204
3879573
3754266
3879642
3754067
3754242
3749068
3753978
19773
3754069
3879600
3775571
19820
3775622
2275091
3879629
19793
3930169
3754098
3754021
3879808
3857267
3857264
3888702
3754151
3869552
3754302
3879662
3754211
3749552
19788
3893834
3893805
3888704
3753980
3754077
19726
3879745
3879561
3879793
3930173
2275136
3857284
19752
19750
3764236
3754039
3754249
3879700
3754316
3879847
2275107
3857296
3754185
3879586
3754113
3754275
3754122
3879689
3857287
3889217
3879563
3775597
3893821
3754206
2275027
3754322
3878598
3877090
3879548
3879674
3754197
3895180
3895153
3857257
3754119
3879698
3879743
3879859
19747
3754086
3775611
3754145
3879681
3857286
3754084
3857285
3754351
3749642
3754135
19781
3754041
3775587
7492
3754240
2275122
3857283
3775606
3879574
19778
3869354
3754280
3879781
3879737
3895244
19740
3879649
19807
2275041
3893797
7487
3754195
3754248
2275083
3775640
19810
3754205
3879643
3879855
3754332
3775630
3878606
3754296
3775555
3775581
7497
3754108
3893801
3879657
3754001
7471
19743
3895302
3775627
2275139
3879862
3879782
3754012
3764235
2275116
2275120
3879843
3857275
3878610
7523
3879842
3754161
3893787
3888854
3775544
3879723
3942819
3754133
3754306
3775574
3879680
3879740
3879817
3749196
3878556
3879655
3893826
19714
3754325
3938641
2275042
3879876
2275038
3775562
3879558
19790
3754036
3775653
3775556
3879604
3906389
3754347
3879779
3754117
3879765
3754150
3754092
3754009
3895340
3754338
3775548
3879792
3893827
3869486
3895292
7430
3754344
3754300
2275142
3893793
3879579
3938640
7485
3879754
7451
3878544
3775635
3879844
3879874
19736
3878543
19803
19748
3754017
3879806
3775575
2275045
3775591
3879552
3754093
3754188
3754005
3869684
3749603
3879704
3749153
3754156
3879721
3879546
19720
3753987
3879636
3754253
3878559
3893818
2275026
3938643
3754153
3754333
3893794
2275036
3879858
3878595
3893833
3879544
3764239
3749276
3879811
3754324
3879602
3879627
3754057
3775608
3879609
3749117
2275061
19764
3754289
3879819
3754312
3753984
2275130
3878555
3754210
3754114
3930176
3878594
3879722
19754
19785
3753996
3754318
3754121
3895220
3879653
3754260
2275096
3879613
3775549
3754046
3879845
3754294
3901832
3754346
3879756
3930162
3879540
3754023
3879854
3775579
3878605
3879543
3754026
3754129
3754301
3754054
19716
2275140
3879758
3879724
19798
3857270
2275078
3895194
3879620
3879559
2275127
3749431
3775561
3857271
3775613
19742
3754123
2275131
3775552
3754182
3775644
3754335
3895139
3930171
3754174
3879651
3754148
3879850
3879539
3754299
3754170
3753992
3754040
7478
2275146
3930163
3879875
19782
3749493
3879588
3879839
3879697
3879826
3930167
3879869
3889218
3754157
3879547
3754155
3754255
3879696
3754104
3754088
3879679
3878548
3857282
3749233
3754014
3888699
3775643
3879774
3754286
3754097
3754015
3857278
3879595
3879538
3775610
3879709
2275075
3902240
19797
3942349
19756
3754013
3754070
3775605
3879583
3879699
3754146
3879715
2275156
3878599
3938644
2275070
19804
3754006
3879635
3879622
3754281
2275088
3754303
3749448
19738
3879799
3857255
3775588
3878552
3879695
19766
3775619
3754215
3753976
3754236
3930184
2275033
3895232
3878551
3754035
3879840
3754044
3857290
3879554
3775601
3879833
19809
3753981
3879593
3764234
3754128
19784
3754311
3879630
3754002
3753977
19733
3941019
2275057
3754172
3754020
3879712
3754244
3775634
3930160
3754115
3857272
3893831
3754310
3754190
3754241
3879736
3941021
3879710
3879846
3893796
3754238
19770
3754199
3775598
3749346
3753989
3754019
7484
3754265
3878611
3775628
3753973
3879591
3879748
3879759
3879666
3754304
3879823
3857299
3754063
3754327
3893832
3879567
3930178
3775595
3895258
3775609
3775543
19723
3879751
3749631
3749360
3775638
3754313
3775589
3879752
3879731
3869254
3941022
3930170
3879663
3754022
3879780
3775633
3754056
3879564
3754277
3753993
3754308
2275074
3879647
3754082
3754328
3878604
19760
2275065
3754081
3754071
3879768
19762
3754323
19779
3879671
3930168
3895074
3879672
3893803
3753990
7493
3879577
3754246
2275099
3893802
19775
7522
3775554
2275117
3879772
3879691
3879744
3754109
3775649
3857291
3754221
3879770
3754229
3879648
3879813
3775647
19792
3895320
3878600
3869118
3895067
7472
3879605
3879794
3749465
3879762
3879542
3754291
3754317
3754179
3754028
3775648
3879692
3754298
3754152
3754105
3754167
3857261
3895107
19753
3754339
3879820
3754274
2275080
3879608
3879851
3895210
2275052
3879868
3895266
3878593
3754047
3879810
3879570
3879541
3901734
3754207
3878558
19729
3775542
3893807
3879555
7520
3753985
3879790
3754075
19759
3753972
3901797
3775565
19765
3754111
19786
3879612
2275048
3754173
3775599
3879572
3879571
7445
3775551
3879760
3857269
7479
3879614
3857297
3753974
3754285
3754142
3749403
3879549
3754060
3775617
3879835
3775623
3879632
3879569
3879615
3879786
3753986
2275073
3879788
3754180
3888701
3775618
2275108
3753997
3943043
7524
3754099
3754066
3754258
3775657
3878592
3879688
3879701
7519
3879814
3754247
3893789
3879789
3930164
3775655
3749133
3749079
2275077
3879729
3775658
2275157
3754162
3879665
3754171
2275126
3857280
2275085
3754326
3879617
3879575
2275037
3754231
3754330
3879761
3754228
3893822
3775585
3878549
19772
3775632
3879545
3857268
3775637
3869519
3754144
3754250
19757
3879669
19724
3879589
3893825
3857274
3754186
3879733
3754134
3893812
3775559
2275153
3754263
3857262
19796
19737
3879560
3879664
19755
3754094
3895275
3879864
2275103
19731
3749246
3879734
3893813
3879838
7496
3930175
3879587
3754315
3754268
3893819
3754053
3775602
3879829
3749310
3879652
3879638
3775616
3754032
3775569
3754278
3878602
7474
3749453
19744
3754245
3857277
3857256
2275154
3879757
3879818
3754007
3857298
3879735
3754283
3754169
2275040
7480
3879618
3754112
3879746
2275079
3879584
3879861
3879809
3754107
3893799
3754290
3754218
3877115
3754314
3754048
3879767
3749358
3878542
3879837
3893809
3879828
3775604
3942752
3754118
19791
2275034
3775583
2275106
3754194
3857265
3869420
3754232
3879750
3879827
3754293
3893817
19777
3879728
3754343
3754216
3879690
3775654
3775558
3879568
3879727
3754074
19815
3754165
3893816
3879742
2275121
19816
2275092
19794
2275062
2275029
3879592
3754033
3879719
3754080
19741
3879603
3754024
3754189
2275133
3754183
3879812
7494
3754003
19774
3754095
19780
3930172
3895095
3857293
3879686
3869685
3877170
3938638
3895202
3879677
3879585
3749108
3775652
3775557
3754132
19808
3764240
3879821
3879673
3775560
3901736
3754034
2275150
3754305
3879693
3893788
3754193
19749
3930181
3754226
3857266
3775553
3775596
2275113
3938637
3754295
3879676
3879714
3754126
3879565
3754085
3857289
3775590
3930177
3879755
3879668
3879766
3749590
3775540
2275093
3879832
3893829
3877072
3754336
3895286
3893830
3895182
3879551
3754227
3879716
3754223
3754127
3754297
3749192
3754178
19719
3879872
3879800
3857254
3754149
3879807
3754201
3893798
3775624
3930182
3893811
3878547
2275072
3754064
3893808
3754177
19722
3764231
3753994
3878545
3878596
19789
3754160
3879764
3754192
3857301
3753983
3879702
3754309
3754208
3878607
7521
3775629
19745
3879683
3754096
3754049
3879616
3901735
3754264
3754164
3749253
3775625
3754349
3754139
3878553
3879687
19728
3869152
3754065
3869151
3754340
3879783
3879802
3754038
3754272
3754267
2275104
2275084
19811
3878546
3754209
3879871
19806
7500
19783
3879562
3775607
3754307
3775659
3941018
3754079
3749434
3754237
3879650
3895333
3879796
3754198
3857292
3879550
3879873
3879639
3879661
3754138
3754058
3930159
3901833
3878603
3930165
3754200
3879606
3754181
3879659
3879596
3754159
3879804
3754124
3754018
3941017
3879623
3754184
7456
3879682
19817
3775577
3942227
3775546
3775621
3879644
3879626
3754175
3754214
2275137
3879640
2275097
19751
3879641
3879830
2275144
3775564
3749278
3879803
3879670
3879836
3754256
3893828
19813
19735
3879867
2275090
19715
3878540
3879763
3775566
3754052
19767
3893800
3879787
19800
3879777
3775620
3754252
3775584
3775639
3775646
3904628
3754051
3879598
3879611
3895086
3775600
3879656
3879856
3879857
3754136
3764233
3877060
3878541
3879841
2275151
3764237
3895060
3879711
3879739
3754203
2275051
3753998
3879866
3775615
3857288
3754147
3754089
3754100
3754010
3754158
2275044
3754131
3775547
3754187
7486
3879557
19725
3893820
3879778
3869220
19769
3754234
3879848
3754101
3879566
3749257
3754288
3775594
3754090
3754202
3754233
3879720
3879825
3902968
3754166
3888700
3754062
3775568
3754016
3754043
3879784
3754262
3901733
3775612
7443
3754270
3879805
3879860
3775603
3754222
3754217
3775578
2275109
3879634
7473
2275082
3775592
7444
3754106
19761
7477
3879625
3879732
3857263
3878557
19771
3879654
3879852
3775645
3754059
3754341
3895158
3775576
3775650
3754243
7482
3942382
3857295
3754025
3879628
3879706
3754213
3775641
3857281
3857279
3879726
3902967
3879637
3893791
3930179
3753991
3879631
3879741
3901796
3877194
3754276
3754087
3941020
7490
3857260
2275098
3879624
3754163
3893815
3893810
3749274
3775614
3930180
3754329
3754320
3878609
3754342
3754004
3879775
3775573
3754037
3879785
3775626
3754061
19776
3754000
3764230
3879831
3942226
2275105
3754225
3879694
3775572
2275138
2275030
3754279
3906390
3879581
3879685
3754073
3754334
3879590
3753988
3938645
3879791
3930158
3940983
3879582
3754321
3749528
3879556
3895052
3754269
3764241
3879705
3893824
3879707
3869117
3878554
3879771
3775567
3754337
3895250
3775563
3749454
3930174
3879597
3879849
3938642
2275089
3888713
3879870
3895309
3775541
3879718
19718
2275086
3775570
3754091
3754125
3879853
3754273
3764238
3895134
3857259
3893790
3878608
3879769
3754168
3879660
3749526
3888705
3879815
3754259
19819
2275028
3879684
3879717
3893795
3895167
3904629
19768
3754176
3869321
19746
3879824
3940878
3879834
2275132
3754212
3754196
3930161
7476
2275063
3879738
3754103
3754027
3754257
3879576
3879675
3879725
3749296
3879578
3857294
3753979
3754230
3879678
3749462
3754345
3938639
19732
3754050
3754078
3879633
3879621
2275054
3754350
3930166
3754292
3775636
3879863
7457
3879607
3895113
19730
19822
3857258
19801
3879801
3893804
3753999
19795
3754219
3754287
3930183
3754282
3879776
3754251
3754284
3879749
3775580
3893792
3753982
3895348
3753995
3754235
7483
3879753
3753975
3754008
3879667
3895121
3869253
3878550
3879619
3754076
3879599
3754348
